1.222500e-05
1.242400e-05
1.240300e-05
1.280900e-05
1.358000e-05
1.645600e-05
2.100200e-05
8.391900e-05
6.905000e-04
1.888921e-03
3.798485e-03
7.025208e-03
1.389877e-02
2.763254e-02
5.331260e-02
1.104500e-05
1.175100e-05
1.171200e-05
1.145500e-05
1.149700e-05
1.506900e-05
1.966800e-05
8.120300e-05
6.115130e-04
1.964829e-03
3.567383e-03
6.670869e-03
1.309748e-02
2.516588e-02
5.443002e-02
1.102600e-05
1.098700e-05
1.138600e-05
1.112400e-05
1.162700e-05
1.625300e-05
1.924800e-05
8.225600e-05
5.832260e-04
1.860033e-03
3.472441e-03
7.000983e-03
1.334165e-02
2.709783e-02
4.948333e-02
1.146300e-05
1.094800e-05
1.467300e-05
1.124300e-05
1.151000e-05
1.607700e-05
1.962800e-05
8.373800e-05
7.386180e-04
1.763308e-03
3.274607e-03
6.595598e-03
1.251948e-02
2.557355e-02
5.161295e-02
1.149100e-05
1.072700e-05
1.093100e-05
1.108100e-05
1.156300e-05
1.457700e-05
2.003100e-05
9.507800e-05
6.310860e-04
1.753887e-03
3.480097e-03
6.455593e-03
1.304832e-02
2.502827e-02
4.865186e-02
1.118500e-05
1.098800e-05
1.131100e-05
1.153300e-05
1.149000e-05
1.481500e-05
1.922300e-05
8.148100e-05
6.413950e-04
1.774278e-03
3.394095e-03
6.728410e-03
1.268670e-02
2.575578e-02
4.955241e-02
1.135500e-05
1.156900e-05
1.140800e-05
1.156300e-05
1.197400e-05
1.553100e-05
1.906200e-05
8.155100e-05
7.261450e-04
1.745242e-03
3.346691e-03
6.231092e-03
1.258014e-02
2.446150e-02
4.918031e-02
1.133000e-05
1.116000e-05
1.090300e-05
1.184200e-05
1.193700e-05
1.530200e-05
1.875700e-05
7.957500e-05
8.332970e-04
1.704368e-03
3.355129e-03
6.381697e-03
1.384728e-02
2.474307e-02
5.146931e-02
1.173000e-05
1.131800e-05
1.123300e-05
1.125000e-05
1.163500e-05
1.542800e-05
1.886500e-05
9.116200e-05
5.509290e-04
1.766515e-03
3.311805e-03
6.481939e-03
1.250240e-02
2.520373e-02
4.971444e-02
1.209900e-05
2.577500e-05
1.190900e-05
1.128500e-05
1.279000e-05
1.602800e-05
2.080300e-05
1.226460e-04
5.713720e-04
1.797726e-03
4.010007e-03
6.806157e-03
1.298168e-02
2.585624e-02
5.351413e-02
1.182100e-05
1.153400e-05
1.169200e-05
1.239400e-05
1.209400e-05
1.456400e-05
2.157700e-05
8.292700e-05
6.547140e-04
1.760379e-03
3.367603e-03
6.710819e-03
1.281533e-02
2.553208e-02
5.180531e-02
1.202900e-05
1.238400e-05
1.299200e-05
1.226500e-05
2.268100e-05
1.613700e-05
1.928000e-05
7.996700e-05
7.056360e-04
1.781826e-03
3.363376e-03
6.505775e-03
1.305034e-02
2.540594e-02
4.836476e-02
1.214300e-05
1.187000e-05
1.183300e-05
1.214600e-05
1.338900e-05
1.545900e-05
2.083400e-05
8.233700e-05
5.604180e-04
1.772650e-03
3.381891e-03
6.417398e-03
1.225931e-02
2.622233e-02
4.921539e-02
1.130200e-05
1.141900e-05
1.119800e-05
1.125200e-05
1.205700e-05
1.590800e-05
2.009300e-05
7.918300e-05
6.834490e-04
1.706606e-03
3.406836e-03
6.551668e-03
1.276636e-02
2.478973e-02
5.251229e-02
1.218400e-05
1.346900e-05
1.320500e-05
1.277700e-05
2.825800e-05
1.590800e-05
2.024600e-05
7.961500e-05
8.382070e-04
1.722729e-03
3.304684e-03
6.610026e-03
1.249564e-02
2.551649e-02
4.934043e-02
2.655200e-05
1.225200e-05
1.263400e-05
1.204600e-05
1.297600e-05
1.713500e-05
2.157000e-05
8.272600e-05
5.736180e-04
1.770829e-03
3.258710e-03
6.452738e-03
1.276686e-02
2.649045e-02
5.047174e-02
1.205400e-05
1.242200e-05
1.226800e-05
1.224100e-05
1.297600e-05
1.570000e-05
6.388200e-05
1.139870e-04
5.512090e-04
1.849434e-03
3.330209e-03
6.419790e-03
1.265809e-02
2.512789e-02
4.868372e-02
1.202400e-05
1.264200e-05
1.342000e-05
1.291300e-05
1.269400e-05
1.515900e-05
2.018000e-05
8.463700e-05
5.677840e-04
1.883547e-03
3.406305e-03
6.450547e-03
1.562332e-02
2.597538e-02
5.191280e-02
1.199800e-05
1.210600e-05
1.288900e-05
1.219200e-05
1.251900e-05
1.609200e-05
1.968200e-05
8.062400e-05
5.462200e-04
1.725189e-03
3.213166e-03
6.517483e-03
1.285187e-02
2.551153e-02
4.846703e-02
1.178600e-05
1.213300e-05
1.119800e-05
1.229200e-05
1.330400e-05
1.524100e-05
2.005600e-05
7.813400e-05
5.506210e-04
1.645300e-03
3.259418e-03
6.401201e-03
1.255443e-02
2.646837e-02
5.424764e-02
1.308500e-05
9.892000e-06
1.186900e-05
1.247200e-05
1.274700e-05
1.662200e-05
2.068900e-05
8.244300e-05
5.698120e-04
1.875862e-03
3.977067e-03
6.735196e-03
1.340057e-02
2.589127e-02
4.921993e-02
1.300200e-05
1.286600e-05
1.542700e-05
1.277600e-05
1.301800e-05
1.680100e-05
2.079200e-05
8.367800e-05
5.551210e-04
1.759832e-03
3.414680e-03
6.296437e-03
1.275845e-02
2.568199e-02
5.169135e-02
1.220500e-05
1.142700e-05
1.298300e-05
1.239000e-05
1.254600e-05
1.579800e-05
1.961600e-05
1.616960e-04
5.765770e-04
1.755962e-03
3.344812e-03
6.688861e-03
1.305815e-02
2.670140e-02
5.084286e-02
1.234100e-05
1.245100e-05
1.180400e-05
1.237900e-05
1.276000e-05
1.546800e-05
1.981800e-05
8.216500e-05
5.610860e-04
1.811635e-03
3.399802e-03
6.686607e-03
1.303430e-02
2.536370e-02
5.084637e-02
1.310900e-05
1.246300e-05
1.234900e-05
1.218400e-05
1.289400e-05
4.409400e-05
2.063700e-05
8.161800e-05
5.448730e-04
1.795490e-03
3.220502e-03
6.640190e-03
1.314107e-02
2.565632e-02
5.148650e-02
1.253300e-05
1.253100e-05
1.241200e-05
1.197100e-05
1.340600e-05
1.614200e-05
2.090500e-05
8.343400e-05
5.802550e-04
1.851956e-03
3.385203e-03
6.996921e-03
1.319512e-02
2.561978e-02
4.845305e-02
1.211300e-05
1.228800e-05
1.670300e-05
1.279800e-05
1.295600e-05
1.672000e-05
2.021300e-05
8.055100e-05
7.563950e-04
1.748919e-03
3.316686e-03
6.647822e-03
1.303015e-02
2.632732e-02
5.109487e-02
1.242200e-05
1.230900e-05
1.215600e-05
1.572500e-05
1.279200e-05
1.586800e-05
1.970400e-05
1.047330e-04
5.596790e-04
1.795966e-03
3.323972e-03
6.727937e-03
1.276045e-02
2.552378e-02
5.104402e-02
1.152300e-05
1.188800e-05
1.278500e-05
1.211500e-05
1.363500e-05
1.547300e-05
1.909200e-05
8.284900e-05
5.494460e-04
2.335650e-03
3.244256e-03
6.645936e-03
1.272409e-02
2.591482e-02
5.154764e-02
1.217400e-05
1.215900e-05
1.367200e-05
1.547900e-05
1.688000e-05
1.906900e-05
2.033300e-05
8.487900e-05
5.710790e-04
1.827185e-03
3.646362e-03
6.851285e-03
1.364892e-02
4.310337e-02
5.234565e-02
1.169300e-05
1.211300e-05
1.183900e-05
1.088200e-05
1.229600e-05
1.547200e-05
2.035600e-05
8.262200e-05
5.939210e-04
1.797566e-03
3.482121e-03
6.709596e-03
1.323349e-02
2.846828e-02
5.283533e-02
1.196300e-05
1.267000e-05
1.171400e-05
1.241700e-05
1.217200e-05
1.574300e-05
1.992800e-05
8.374900e-05
5.982670e-04
2.270880e-03
8.162510e-03
6.842843e-03
1.384373e-02
2.669387e-02
5.224559e-02
1.228000e-05
1.231200e-05
1.253800e-05
1.311000e-05
1.668900e-05
2.016200e-05
2.157300e-05
8.393000e-05
5.688150e-04
1.765834e-03
3.507438e-03
6.831782e-03
1.352922e-02
2.633283e-02
5.189235e-02
1.180400e-05
1.286700e-05
1.809700e-05
1.269300e-05
1.551600e-05
1.715800e-05
2.560800e-05
8.294600e-05
5.823880e-04
1.785746e-03
3.344069e-03
6.581823e-03
1.249311e-02
2.632035e-02
5.129119e-02
1.189100e-05
1.271600e-05
1.188100e-05
1.177700e-05
1.225800e-05
1.557000e-05
1.970600e-05
8.047800e-05
5.584540e-04
1.734127e-03
3.554520e-03
6.371925e-03
1.259362e-02
2.536268e-02
5.287801e-02
3.535000e-06
1.377000e-06
1.558000e-06
3.377000e-06
3.799000e-06
1.221000e-06
1.376000e-06
1.398000e-06
1.622000e-06
1.679099e-03
3.631072e-03
6.356137e-03
1.304854e-02
2.537448e-02
4.954338e-02
1.198700e-05
1.272100e-05
1.178900e-05
1.229800e-05
1.300300e-05
1.578900e-05
2.012700e-05
8.023300e-05
5.479760e-04
1.699617e-03
3.281080e-03
6.311174e-03
1.241038e-02
2.448488e-02
4.963065e-02
1.248600e-05
1.184600e-05
1.209400e-05
1.193900e-05
1.267900e-05
1.593900e-05
1.957400e-05
7.971300e-05
6.043890e-04
1.671461e-03
3.272066e-03
6.267924e-03
1.239001e-02
2.512391e-02
4.883098e-02
1.240700e-05
1.245300e-05
1.261200e-05
1.219700e-05
1.253000e-05
1.612200e-05
2.005400e-05
7.982100e-05
5.487480e-04
1.693349e-03
3.194305e-03
6.284820e-03
1.286923e-02
2.502552e-02
4.957766e-02
1.210500e-05
1.188000e-05
1.307900e-05
1.205500e-05
1.183600e-05
1.595300e-05
2.006600e-05
7.876200e-05
5.513510e-04
1.679035e-03
3.268017e-03
6.373182e-03
1.280973e-02
2.490828e-02
4.991706e-02
1.342000e-06
1.536000e-06
1.440000e-06
1.354000e-06
1.336000e-06
1.381000e-06
1.274000e-06
1.321000e-06
1.362000e-06
1.672267e-03
3.194347e-03
6.930334e-03
1.235699e-02
2.481781e-02
5.002213e-02
1.588000e-06
1.394000e-06
1.379000e-06
1.392000e-06
1.971500e-05
1.134000e-06
1.315000e-06
1.349000e-06
1.437000e-06
1.421000e-06
1.458000e-06
1.720000e-06
1.282294e-02
2.455674e-02
4.904558e-02
1.210100e-05
1.203000e-05
1.201400e-05
1.228900e-05
1.280000e-05
1.602400e-05
2.008100e-05
7.896400e-05
5.503560e-04
1.689768e-03
3.209757e-03
6.425595e-03
1.232950e-02
2.509114e-02
4.986787e-02
1.275800e-05
1.285200e-05
1.235100e-05
1.299200e-05
1.268600e-05
1.539000e-05
2.052900e-05
7.874800e-05
5.502050e-04
1.689818e-03
3.224830e-03
6.394263e-03
1.238036e-02
2.455685e-02
4.847643e-02
1.204000e-05
1.162600e-05
1.190500e-05
1.234800e-05
1.226200e-05
1.575400e-05
2.030800e-05
7.988800e-05
5.466160e-04
1.680099e-03
3.220713e-03
6.379611e-03
1.260644e-02
2.529674e-02
4.889407e-02
1.345000e-06
2.427300e-05
1.284000e-06
1.426000e-06
1.068000e-06
1.394000e-06
1.422000e-06
1.329000e-06
1.418000e-06
1.733750e-03
3.248251e-03
6.311329e-03
1.269285e-02
2.529375e-02
4.841937e-02
1.326000e-06
2.058000e-06
1.361000e-06
1.353000e-06
2.492800e-05
1.339000e-06
1.387000e-06
1.340000e-06
1.329000e-06
1.406000e-06
1.525000e-06
1.530000e-06
1.234109e-02
2.537046e-02
4.996128e-02
3.218000e-06
1.398000e-06
1.336000e-06
1.391000e-06
2.212200e-05
1.349000e-06
1.392000e-06
3.821000e-06
3.382000e-06
2.300000e-06
1.579000e-06
1.485000e-06
2.431100e-05
1.314000e-06
5.063039e-02
