2.264300e-05
2.347500e-05
2.492500e-05
6.260950e-04
2.460400e-05
3.061400e-05
3.487000e-05
9.293200e-05
5.101450e-04
1.498741e-03
2.861232e-03
5.551218e-03
1.075017e-02
2.137017e-02
5.609474e-02
2.123200e-05
2.500100e-05
2.042870e-04
2.178500e-05
2.601700e-05
2.760800e-05
2.841100e-05
8.940600e-05
5.087610e-04
1.516734e-03
2.934675e-03
5.551569e-03
1.085486e-02
2.147972e-02
4.545820e-02
2.024100e-05
2.010000e-05
2.499300e-05
2.470800e-05
2.440800e-05
2.566400e-05
3.181800e-05
8.283100e-05
5.223480e-04
1.647407e-03
2.811898e-03
5.607348e-03
1.073486e-02
2.228189e-02
4.261580e-02
2.279300e-05
2.400900e-05
8.800420e-04
2.205700e-05
2.627900e-05
1.121190e-04
2.823900e-05
9.531300e-05
5.134940e-04
1.524275e-03
2.814471e-03
5.449302e-03
1.073632e-02
2.144590e-02
4.236615e-02
2.531000e-05
2.441800e-05
2.377800e-05
2.031000e-05
2.514100e-05
2.825800e-05
3.210500e-05
1.425320e-04
5.075020e-04
1.493476e-03
2.953179e-03
5.446989e-03
1.091920e-02
2.148785e-02
4.285492e-02
1.990600e-05
2.045600e-05
2.361000e-05
1.538680e-04
2.600900e-05
2.379500e-05
2.838900e-05
9.051300e-05
5.006810e-04
1.488532e-03
2.853541e-03
5.468170e-03
1.087658e-02
2.153728e-02
4.282438e-02
2.088200e-05
5.361950e-04
2.129900e-05
2.002300e-05
2.273300e-05
2.744800e-05
2.824600e-05
8.968200e-05
5.048340e-04
1.486078e-03
2.808713e-03
5.446493e-03
1.108620e-02
2.126359e-02
4.255886e-02
1.971400e-05
2.437800e-05
2.345600e-05
2.518100e-05
2.523400e-05
2.379300e-05
3.156400e-05
9.168400e-05
5.463850e-04
1.490536e-03
2.997039e-03
5.447842e-03
1.115267e-02
2.138653e-02
4.226840e-02
1.994300e-05
1.903900e-05
2.393200e-05
2.710100e-05
2.399400e-05
2.394000e-05
3.137700e-05
9.285100e-05
5.604860e-04
1.490913e-03
2.814029e-03
5.444835e-03
1.069409e-02
2.135171e-02
4.374446e-02
2.058900e-05
3.443800e-05
2.249400e-05
2.208800e-05
2.288000e-05
2.785300e-05
3.283500e-05
1.355460e-04
5.221670e-04
1.495841e-03
2.852471e-03
5.438530e-03
1.076619e-02
2.143722e-02
4.479482e-02
2.579600e-05
2.168400e-05
2.438000e-05
2.227900e-05
2.238600e-05
2.795600e-05
1.027444e-03
9.125600e-05
1.508190e-03
1.492850e-03
2.809479e-03
5.580682e-03
1.080655e-02
2.137896e-02
4.291896e-02
2.373100e-05
2.734100e-05
2.588900e-05
4.002100e-05
3.378900e-05
2.579600e-05
3.223500e-05
9.322700e-05
6.978120e-04
1.494497e-03
2.845946e-03
5.573688e-03
1.087911e-02
2.145470e-02
4.254614e-02
2.152500e-05
2.546300e-05
2.197600e-05
2.618000e-05
2.362600e-05
2.957400e-05
3.009000e-05
9.675400e-05
5.191160e-04
1.543288e-03
2.812050e-03
5.698895e-03
1.071544e-02
2.391527e-02
4.254548e-02
1.962600e-05
2.453000e-05
2.337500e-05
2.459100e-05
2.217000e-05
2.750800e-05
3.129100e-05
1.180030e-04
5.593670e-04
1.546988e-03
2.842838e-03
5.568481e-03
1.088559e-02
2.157404e-02
4.330333e-02
2.775700e-05
2.462400e-05
2.339100e-05
2.672100e-05
6.441900e-05
3.022900e-05
3.354300e-05
9.387000e-05
5.532610e-04
1.545298e-03
2.807022e-03
5.577108e-03
1.126540e-02
2.139706e-02
4.273377e-02
2.795900e-05
2.640900e-05
2.264300e-05
2.831400e-05
2.648600e-05
3.002700e-05
3.556800e-05
8.931000e-05
5.122790e-04
1.491836e-03
3.358116e-03
5.444096e-03
1.109173e-02
2.143530e-02
4.338192e-02
2.278390e-04
2.436200e-05
2.598900e-05
2.287700e-05
2.361800e-05
2.561700e-05
3.018400e-05
9.629600e-05
5.141020e-04
1.509436e-03
3.016859e-03
5.435612e-03
1.093966e-02
2.134758e-02
4.259691e-02
2.515200e-05
2.362600e-05
2.265500e-05
2.561600e-05
2.779900e-05
2.842200e-05
3.284600e-05
9.058900e-05
5.447230e-04
1.533251e-03
3.034698e-03
5.632226e-03
1.108413e-02
2.145753e-02
4.258697e-02
2.566500e-05
2.216100e-05
2.229700e-05
2.612100e-05
2.321700e-05
2.565400e-05
3.177800e-05
9.311700e-05
5.089480e-04
1.804488e-03
2.809579e-03
5.566788e-03
1.092009e-02
2.141816e-02
4.251794e-02
2.338200e-05
2.194900e-05
2.197400e-05
2.550200e-05
2.657800e-05
2.780500e-05
2.986400e-05
9.192300e-05
5.160670e-04
1.517951e-03
2.809997e-03
5.440223e-03
1.093060e-02
2.240291e-02
4.652541e-02
1.184090e-04
1.528200e-05
2.336300e-05
2.354200e-05
2.342100e-05
2.130320e-04
3.123600e-05
9.630100e-05
4.995570e-04
1.652444e-03
2.967098e-03
5.585059e-03
1.108131e-02
2.142214e-02
4.291235e-02
2.545300e-05
2.485500e-05
3.313100e-05
2.428100e-05
2.606000e-05
2.655200e-05
3.649300e-05
1.003470e-04
6.438750e-04
1.555275e-03
2.809326e-03
5.595495e-03
1.074018e-02
2.144333e-02
4.331853e-02
2.272600e-05
2.619200e-05
3.439200e-05
2.743600e-05
2.371300e-05
2.933200e-05
3.314900e-05
3.706860e-04
6.598190e-04
1.538233e-03
2.845796e-03
5.447742e-03
1.089736e-02
2.169114e-02
4.265144e-02
2.245800e-05
2.373700e-05
2.445600e-05
2.320410e-04
2.335800e-05
2.723300e-05
3.267000e-05
9.302100e-05
5.572900e-04
1.660815e-03
2.808654e-03
5.671237e-03
1.073127e-02
2.135315e-02
4.259101e-02
2.541400e-05
2.609700e-05
2.220700e-05
2.339500e-05
2.700300e-05
4.307900e-05
3.452400e-05
9.016500e-05
5.512150e-04
1.498313e-03
2.809984e-03
5.442851e-03
1.083026e-02
2.187249e-02
4.275664e-02
2.259400e-05
2.249400e-05
2.172700e-05
2.303200e-05
2.884800e-05
3.201100e-05
3.466500e-05
9.117700e-05
6.379360e-04
1.555719e-03
2.948850e-03
5.453316e-03
1.086764e-02
2.154997e-02
4.245393e-02
2.305000e-05
2.881100e-05
2.819100e-05
2.755800e-05
2.525600e-05
3.020900e-05
3.104800e-05
9.507600e-05
5.302330e-04
1.487961e-03
2.826783e-03
5.580475e-03
1.089751e-02
2.151319e-02
4.279894e-02
2.565800e-05
2.457300e-05
2.588000e-05
4.496100e-05
2.500300e-05
2.562200e-05
3.297300e-05
9.475800e-05
5.010860e-04
1.484651e-03
3.300180e-03
5.771826e-03
1.099093e-02
2.141666e-02
4.293046e-02
2.214970e-04
2.327000e-05
2.632300e-05
2.255800e-05
2.333800e-05
2.843000e-05
3.189500e-05
9.278300e-05
5.123280e-04
1.711994e-03
2.836766e-03
5.437597e-03
1.071826e-02
2.157842e-02
4.304695e-02
2.787300e-05
5.439530e-04
2.377300e-05
2.846900e-05
3.446200e-05
7.000780e-04
3.199700e-05
9.324800e-05
5.102380e-04
1.624391e-03
3.087427e-03
5.581824e-03
1.118619e-02
2.217659e-02
4.347850e-02
2.163200e-05
4.552450e-04
2.437900e-05
2.215700e-05
2.321600e-05
4.427710e-04
3.348900e-05
9.484400e-05
6.022760e-04
1.496514e-03
2.822068e-03
5.604926e-03
1.140706e-02
2.182535e-02
4.343298e-02
5.174960e-04
2.152000e-05
2.548700e-05
2.670700e-05
2.297000e-05
2.601700e-05
3.303000e-05
9.014700e-05
5.134770e-04
1.504087e-03
2.879051e-03
6.990413e-03
1.092534e-02
2.199916e-02
4.368884e-02
2.690500e-05
2.276100e-05
2.639100e-05
3.037000e-05
2.698900e-05
3.001200e-05
6.812430e-04
9.001300e-05
5.060010e-04
1.495499e-03
2.976188e-03
5.892387e-03
1.084257e-02
2.221300e-02
4.361411e-02
5.930250e-04
2.363800e-05
1.274968e-03
2.249700e-05
2.672700e-05
2.779400e-05
3.332400e-05
8.944500e-05
4.997710e-04
1.618324e-03
2.810330e-03
5.445170e-03
1.084661e-02
2.146858e-02
4.283731e-02
2.148300e-05
2.540500e-05
2.187700e-05
2.519000e-05
2.619300e-05
2.843800e-05
3.239400e-05
9.193000e-05
5.069080e-04
1.496862e-03
2.808882e-03
5.584416e-03
1.085684e-02
2.144757e-02
4.525755e-02
2.462500e-05
2.003300e-05
2.377700e-05
2.042100e-05
2.551600e-05
9.549000e-05
3.193700e-05
8.833700e-05
5.078250e-04
1.488705e-03
2.806253e-03
5.529953e-03
1.088532e-02
2.150150e-02
4.256017e-02
2.590700e-05
2.358800e-05
2.107700e-05
2.544400e-05
2.746600e-05
2.920800e-05
2.941600e-05
9.255600e-05
5.091420e-04
1.522306e-03
2.971106e-03
5.441895e-03
1.094506e-02
2.154696e-02
4.268584e-02
2.087700e-05
2.476200e-05
2.115700e-05
2.533500e-05
2.633200e-05
2.863400e-05
3.255900e-05
8.942900e-05
5.097470e-04
1.492674e-03
2.809001e-03
5.489708e-03
1.093799e-02
2.143675e-02
4.280218e-02
2.350200e-05
2.429300e-05
2.150000e-05
2.359200e-05
2.663300e-05
2.930900e-05
3.373200e-05
9.055800e-05
5.100290e-04
1.532768e-03
3.017890e-03
5.440881e-03
1.127497e-02
2.141301e-02
4.265938e-02
2.188600e-05
2.182700e-05
2.588900e-05
2.238800e-05
2.697700e-05
2.643900e-05
3.414600e-05
9.470100e-05
5.101490e-04
1.820507e-03
2.812950e-03
5.630407e-03
1.080679e-02
2.147396e-02
4.344026e-02
2.181000e-05
2.125900e-05
2.137800e-05
2.269500e-05
4.710700e-05
2.504000e-05
2.939300e-05
9.446700e-05
5.538390e-04
1.491183e-03
2.846593e-03
5.631140e-03
1.089526e-02
2.156742e-02
4.291557e-02
2.517300e-05
2.208100e-05
2.726400e-05
2.374100e-05
2.324300e-05
2.923100e-05
3.342300e-05
9.771100e-05
5.499370e-04
1.493696e-03
2.862721e-03
5.443483e-03
1.120649e-02
2.143728e-02
4.252741e-02
2.482200e-05
2.189500e-05
2.205000e-05
2.563500e-05
2.350000e-05
2.557400e-05
3.292600e-05
9.059700e-05
5.083180e-04
1.494235e-03
2.807823e-03
5.508009e-03
1.096846e-02
2.154525e-02
4.400414e-02
2.458600e-05
2.295300e-05
2.294600e-05
2.573600e-05
2.692000e-05
2.876600e-05
3.014700e-05
9.422800e-05
5.545050e-04
1.517268e-03
2.809991e-03
5.479706e-03
1.086877e-02
2.143962e-02
4.258502e-02
2.129700e-05
2.495400e-05
1.417780e-04
2.644300e-05
2.645200e-05
2.853500e-05
2.952000e-05
9.177600e-05
5.142100e-04
1.494897e-03
2.808586e-03
5.476247e-03
1.084425e-02
2.150879e-02
4.274957e-02
2.127100e-05
2.589300e-05
2.650700e-05
5.933800e-05
2.376400e-05
2.935200e-05
3.360600e-05
9.037800e-05
5.101670e-04
1.490658e-03
2.809307e-03
5.479702e-03
1.089275e-02
2.163340e-02
4.252322e-02
2.295300e-05
2.185100e-05
2.258100e-05
2.368300e-05
2.728300e-05
2.319050e-04
3.249500e-05
9.374700e-05
5.111510e-04
1.490122e-03
2.803981e-03
5.446567e-03
1.112659e-02
2.140226e-02
4.254483e-02
2.412500e-05
2.331600e-05
2.466200e-05
2.799100e-05
2.291600e-05
2.879000e-05
2.892300e-05
1.970090e-04
5.136830e-04
1.494238e-03
2.942566e-03
5.444185e-03
1.085828e-02
2.143427e-02
4.273625e-02
