2.033100e-05
2.788700e-05
3.590900e-05
3.227980e-04
1.595330e-04
3.344270e-04
6.589480e-04
5.087357e-03
4.582630e-02
1.710658e-01
2.340186e-01
4.010347e-01
8.026809e-01
1.604945e+00
3.216361e+00
1.480200e-05
1.745600e-05
1.804700e-05
2.799600e-05
3.923600e-05
5.988600e-05
1.057150e-04
1.247598e-03
1.078320e-02
4.744858e-02
1.057391e-01
1.355349e-01
2.132050e-01
4.173394e-01
8.636270e-01
1.563900e-05
1.492100e-05
1.585700e-05
1.972000e-05
2.087900e-05
2.969600e-05
4.199300e-05
2.245710e-04
1.701859e-03
1.503995e-02
3.346882e-02
5.956980e-02
1.122108e-01
1.433197e-01
2.553941e-01
1.508400e-05
1.494900e-05
3.105620e-04
1.656500e-05
1.620100e-05
4.304800e-05
2.481300e-05
1.714320e-04
1.266599e-03
5.304684e-03
1.053593e-02
2.227321e-02
4.335287e-02
9.222399e-02
1.093458e-01
1.676700e-05
1.437600e-05
1.473500e-05
1.424500e-05
1.616100e-05
1.698500e-05
2.171100e-05
1.488700e-04
1.659895e-03
6.273017e-03
1.222569e-02
2.432267e-02
4.882904e-02
9.371005e-02
1.358401e-01
1.587400e-05
1.481000e-05
1.638300e-05
1.866700e-05
1.492300e-05
1.647700e-05
1.767100e-05
2.800250e-04
1.475509e-03
5.499185e-03
1.355339e-02
2.340483e-02
4.575522e-02
9.207364e-02
1.187273e-01
1.527000e-05
1.675500e-05
1.700600e-05
2.173700e-05
2.785100e-05
3.598300e-05
5.573100e-05
1.084537e-03
6.165900e-03
2.336845e-02
4.576845e-02
8.942087e-02
1.629777e-01
1.908449e-01
3.796050e-01
1.525500e-05
1.590700e-05
1.545500e-05
1.845500e-05
1.797100e-05
2.098200e-05
2.595600e-05
1.055950e-04
1.453169e-03
6.043113e-03
1.348509e-02
2.494988e-02
5.066945e-02
9.582716e-02
1.061050e-01
1.568900e-05
1.460300e-05
1.472200e-05
1.449900e-05
1.638900e-05
1.584900e-05
1.878700e-05
4.376300e-05
4.469090e-04
1.787662e-03
6.674934e-03
7.497993e-03
1.494410e-02
3.040916e-02
5.910251e-02
1.745800e-05
1.821600e-05
1.692800e-05
1.739800e-05
1.771900e-05
1.774500e-05
1.786900e-05
6.233900e-05
1.818320e-04
6.895910e-04
2.151019e-03
2.598253e-03
6.209526e-03
1.108405e-02
3.014381e-02
1.706700e-05
1.697800e-05
1.614600e-05
1.719600e-05
1.694100e-05
1.676800e-05
3.464830e-04
3.035000e-05
9.839650e-04
8.567410e-04
1.691609e-03
3.278160e-03
7.146311e-03
1.369468e-02
2.567628e-02
1.887000e-05
1.818900e-05
1.871600e-05
4.280300e-05
5.166700e-05
1.841600e-05
1.619000e-05
1.845400e-05
2.256960e-04
7.905940e-04
1.477169e-03
2.827696e-03
6.507279e-03
1.208450e-02
2.362768e-02
1.711600e-05
1.743400e-05
1.501500e-05
1.901600e-05
2.053100e-05
2.562100e-05
3.064800e-05
1.791560e-04
1.284754e-03
6.150729e-03
1.167980e-02
2.245731e-02
4.577395e-02
9.250938e-02
1.097055e-01
1.502000e-05
1.492800e-05
1.575400e-05
1.656700e-05
1.667600e-05
1.793400e-05
1.852200e-05
3.930000e-05
3.818850e-04
1.534699e-03
3.504642e-03
6.051674e-03
1.291699e-02
2.545309e-02
5.001890e-02
1.889000e-05
1.963200e-05
1.822200e-05
1.913400e-05
1.907700e-05
1.938400e-05
1.932400e-05
3.333600e-05
1.340980e-04
4.961100e-04
9.636930e-04
1.967893e-03
3.786742e-03
8.027260e-03
1.608292e-02
3.746400e-05
1.837000e-05
1.791800e-05
1.811600e-05
1.779400e-05
1.761800e-05
1.811500e-05
2.269400e-05
1.025910e-04
2.638550e-04
5.097890e-04
9.848080e-04
1.949461e-03
3.852564e-03
9.163417e-03
1.835800e-05
1.798900e-05
1.790300e-05
1.875800e-05
1.778000e-05
1.811300e-05
1.667800e-05
1.989900e-05
8.330900e-05
3.253500e-04
6.338940e-04
1.222277e-03
2.483298e-03
6.409249e-03
1.058812e-02
1.837800e-05
1.840700e-05
1.842500e-05
1.843700e-05
1.837500e-05
1.633000e-05
1.843100e-05
1.918700e-05
5.720500e-05
7.377750e-04
1.864718e-03
3.848904e-03
1.408791e-02
2.673398e-02
4.798286e-02
1.839200e-05
1.833700e-05
1.787600e-05
1.882100e-05
1.873200e-05
1.789700e-05
2.201900e-05
5.056000e-05
3.477040e-04
1.447586e-03
3.258014e-03
5.620990e-03
1.218007e-02
2.371999e-02
4.730216e-02
1.816200e-05
1.558600e-05
1.572800e-05
1.764900e-05
1.749800e-05
1.741900e-05
1.854300e-05
2.468800e-05
8.951300e-05
4.176790e-04
8.119580e-04
1.703973e-03
3.232199e-03
7.492138e-03
1.585586e-02
1.773500e-05
1.498000e-05
1.790500e-05
1.774500e-05
1.785700e-05
1.804700e-05
1.762800e-05
2.351900e-05
7.830200e-05
3.548580e-04
4.994810e-04
1.016232e-03
2.010652e-03
4.437186e-03
8.288786e-03
1.932200e-05
1.828400e-05
2.231100e-05
1.962100e-05
1.976100e-05
1.869800e-05
1.976000e-05
2.140300e-05
9.129200e-05
3.108500e-04
5.868120e-04
1.131204e-03
3.151735e-03
4.903859e-03
1.036030e-02
1.896500e-05
1.712400e-05
1.840200e-05
1.829600e-05
1.760500e-05
1.952700e-05
1.836500e-05
5.319450e-04
4.988700e-05
5.962250e-04
1.386497e-03
3.004024e-03
1.183138e-02
2.246788e-02
3.942847e-02
2.190700e-05
2.227800e-05
2.020500e-05
2.196500e-05
2.092100e-05
2.276700e-05
2.272700e-05
2.175500e-05
2.788800e-05
1.774750e-04
1.081678e-03
2.707250e-03
8.062760e-03
1.606328e-02
4.730716e-02
1.948400e-05
3.298800e-05
1.892600e-05
1.894400e-05
1.971500e-05
3.337900e-05
1.979800e-05
3.150300e-05
1.110200e-04
4.311780e-04
8.413150e-04
1.653194e-03
3.287634e-03
6.567277e-03
1.472881e-02
1.938700e-05
1.948100e-05
1.773100e-05
1.968800e-05
1.847300e-05
2.020900e-05
1.987000e-05
2.649800e-05
8.168200e-05
2.654500e-04
5.106120e-04
1.005835e-03
1.953739e-03
5.879000e-03
1.299969e-02
1.956300e-05
2.173100e-05
3.133300e-05
1.920200e-05
1.869700e-05
1.953100e-05
1.975100e-05
2.052000e-05
1.371380e-03
2.470940e-04
5.236530e-04
9.552840e-04
1.924129e-03
4.543732e-03
8.085122e-03
1.948900e-05
1.985200e-05
1.870800e-05
2.207100e-05
1.874800e-05
1.949500e-05
1.878500e-05
2.048100e-05
4.579800e-05
6.091030e-04
4.025423e-03
3.052707e-03
1.087622e-02
2.139371e-02
4.355521e-02
2.070300e-05
2.249500e-05
2.116500e-05
2.158100e-05
1.982200e-05
2.114700e-05
2.042100e-05
1.985100e-05
2.552200e-05
1.259370e-04
8.933000e-04
2.565796e-03
7.376666e-03
1.498078e-02
4.614840e-02
3.646700e-05
2.370950e-04
6.071300e-05
3.814300e-05
4.342000e-05
3.960000e-05
3.646400e-05
4.018900e-05
3.810000e-05
5.891800e-05
1.634190e-04
6.367650e-04
5.288227e-03
1.271343e-02
3.542081e-02
2.087100e-05
1.841720e-04
2.026800e-05
3.929800e-05
1.933600e-05
1.804550e-04
2.015500e-05
3.433400e-05
1.501600e-04
4.257880e-04
8.330780e-04
1.673515e-03
3.814447e-03
7.362707e-03
1.330651e-02
2.156530e-04
2.050200e-05
2.095300e-05
2.117700e-05
2.112400e-05
2.068000e-05
2.083100e-05
2.578900e-05
7.710800e-05
2.474660e-04
4.871820e-04
1.349497e-03
2.111043e-03
3.649971e-03
7.782295e-03
2.438100e-05
2.296500e-05
2.352700e-05
2.484000e-05
5.380800e-05
2.673700e-05
2.725400e-04
2.285300e-05
4.348400e-05
2.555270e-04
4.688300e-04
1.209470e-03
1.845170e-03
3.658168e-03
9.470173e-03
2.432300e-04
2.253400e-05
2.801200e-05
2.145700e-05
2.394900e-05
2.284500e-05
2.501800e-05
2.438900e-05
2.958200e-05
1.246450e-04
8.824920e-04
2.504245e-03
6.345644e-03
1.534687e-02
5.083844e-02
3.308400e-05
3.293600e-05
3.289100e-05
3.181600e-05
3.165200e-05
3.033900e-05
3.066100e-05
3.236200e-05
3.355000e-05
5.402600e-05
1.169260e-04
4.466410e-04
3.489638e-03
1.073267e-02
3.204881e-02
3.849547e-01
9.238968e-02
1.651344e-01
5.160021e-01
1.958233e-01
1.880690e-02
1.118895e-01
5.957163e-02
5.192521e-01
8.202900e-05
8.570200e-05
1.552010e-04
3.151270e-04
2.428771e-03
1.915309e-02
3.960400e-05
3.797300e-05
3.729700e-05
3.202100e-05
3.244000e-05
3.237200e-05
3.281000e-05
3.877800e-05
1.128800e-04
3.992170e-04
7.695190e-04
1.511303e-03
3.010376e-03
6.487042e-03
1.288534e-02
3.435200e-05
3.212800e-05
3.351900e-05
3.416600e-05
3.508500e-05
3.113500e-05
3.152800e-05
3.141600e-05
4.599600e-05
2.466690e-04
4.629660e-04
8.973670e-04
1.765693e-03
3.508741e-03
7.948236e-03
3.740700e-05
3.794000e-05
3.691900e-05
3.744400e-05
3.760600e-05
3.692700e-05
3.663700e-05
3.524100e-05
3.832300e-05
1.097820e-04
2.600350e-04
9.170580e-04
1.799828e-03
3.663581e-03
9.041581e-03
3.352800e-05
3.213000e-05
3.239700e-05
3.343200e-05
3.217800e-05
3.325500e-05
3.362700e-05
3.338500e-05
3.096000e-05
5.510100e-05
1.189450e-04
4.469110e-04
3.905449e-03
1.117461e-02
2.702883e-02
2.809519e-02
3.072658e-02
5.128406e-02
2.270379e-02
3.052770e-02
3.933642e-02
2.544773e-02
2.757323e-02
2.499026e-02
9.121700e-05
9.238600e-05
1.629090e-04
4.140190e-04
1.592119e-03
1.482621e-02
3.851132e-02
3.911330e-02
3.025758e-02
2.617282e-02
2.492310e-02
2.733931e-02
2.828345e-02
4.127236e-02
4.677376e-02
2.838046e-02
6.354408e-02
2.448774e-02
4.455600e-04
6.196050e-04
2.685907e-03
1.073000e-04
1.024870e-04
1.020810e-04
7.962800e-05
7.913000e-05
8.037800e-05
7.926100e-05
8.067200e-05
1.543330e-04
4.046260e-04
7.612930e-04
1.537232e-03
3.422697e-03
5.793971e-03
1.199444e-02
9.706900e-05
9.663600e-05
9.877900e-05
1.017220e-04
9.779700e-05
8.885300e-05
8.886200e-05
8.941900e-05
9.927900e-05
1.602000e-04
2.704390e-04
8.956150e-04
1.757693e-03
3.502167e-03
7.904359e-03
8.781000e-05
8.516400e-05
8.582800e-05
8.674900e-05
8.695600e-05
8.893000e-05
8.760700e-05
8.716900e-05
9.029300e-05
1.109130e-04
1.280530e-04
3.909890e-04
9.886460e-04
4.105288e-03
6.983239e-03
3.514685e-02
4.699473e-02
3.568101e-02
4.069855e-02
2.294160e-02
3.211140e-02
4.633979e-02
3.435768e-02
2.935402e-02
9.361700e-05
9.416300e-05
1.612370e-04
4.268980e-04
1.631135e-03
1.517623e-02
4.329440e-02
7.075747e-02
2.972615e-02
7.274656e-02
2.245272e-02
3.237282e-02
3.493150e-02
4.318141e-02
5.973604e-02
3.634964e-02
2.429035e-02
2.860786e-02
3.221250e-04
6.072660e-04
1.639360e-03
3.443808e-02
9.489575e-02
2.782057e-02
4.530127e-02
5.359576e-02
2.545379e-02
3.564150e-02
4.118987e-02
2.404393e-02
6.155803e-02
3.016847e-02
2.535459e-02
4.083780e-02
3.338821e-02
1.470171e-03
