16
64
128
512
1024
2048
4096
32768
262144
1048576
2097152
4194304
8388608
16777216
33554432
16
64
128
512
1024
2048
4096
32768
262144
1048576
2097152
4194304
8388608
16777216
33554432
16
64
128
512
1024
2048
4096
32768
262144
1048576
2097152
4194304
8388608
16777216
33554432
16
64
128
512
1024
2048
4096
32768
262144
1048576
2097152
4194304
8388608
16777216
33554432
16
64
128
512
1024
2048
4096
32768
262144
1048576
2097152
4194304
8388608
16777216
33554432
16
64
128
512
1024
2048
4096
32768
262144
1048576
2097152
4194304
8388608
16777216
33554432
16
64
128
512
1024
2048
4096
32768
262144
1048576
2097152
4194304
8388608
16777216
33554432
16
64
128
512
1024
2048
4096
32768
262144
1048576
2097152
4194304
8388608
16777216
33554432
16
64
128
512
1024
2048
4096
32768
262144
1048576
2097152
4194304
8388608
16777216
33554432
16
64
128
512
1024
2048
4096
32768
262144
1048576
2097152
4194304
8388608
16777216
33554432
16
64
128
512
1024
2048
4096
32768
262144
1048576
2097152
4194304
8388608
16777216
33554432
16
64
128
512
1024
2048
4096
32768
262144
1048576
2097152
4194304
8388608
16777216
33554432
16
64
128
512
1024
2048
4096
32768
262144
1048576
2097152
4194304
8388608
16777216
33554432
16
64
128
512
1024
2048
4096
32768
262144
1048576
2097152
4194304
8388608
16777216
33554432
16
64
128
512
1024
2048
4096
32768
262144
1048576
2097152
4194304
8388608
16777216
33554432
16
64
128
512
1024
2048
4096
32768
262144
1048576
2097152
4194304
8388608
16777216
33554432
16
64
128
512
1024
2048
4096
32768
262144
1048576
2097152
4194304
8388608
16777216
33554432
16
64
128
512
1024
2048
4096
32768
262144
1048576
2097152
4194304
8388608
16777216
33554432
16
64
128
512
1024
2048
4096
32768
262144
1048576
2097152
4194304
8388608
16777216
33554432
16
64
128
512
1024
2048
4096
32768
262144
1048576
2097152
4194304
8388608
16777216
33554432
16
64
128
512
1024
2048
4096
32768
262144
1048576
2097152
4194304
8388608
16777216
33554432
16
64
128
512
1024
2048
4096
32768
262144
1048576
2097152
4194304
8388608
16777216
33554432
16
64
128
512
1024
2048
4096
32768
262144
1048576
2097152
4194304
8388608
16777216
33554432
16
64
128
512
1024
2048
4096
32768
262144
1048576
2097152
4194304
8388608
16777216
33554432
16
64
128
512
1024
2048
4096
32768
262144
1048576
2097152
4194304
8388608
16777216
33554432
16
64
128
512
1024
2048
4096
32768
262144
1048576
2097152
4194304
8388608
16777216
33554432
16
64
128
512
1024
2048
4096
32768
262144
1048576
2097152
4194304
8388608
16777216
33554432
16
64
128
512
1024
2048
4096
32768
262144
1048576
2097152
4194304
8388608
16777216
33554432
16
64
128
512
1024
2048
4096
32768
262144
1048576
2097152
4194304
8388608
16777216
33554432
16
64
128
512
1024
2048
4096
32768
262144
1048576
2097152
4194304
8388608
16777216
33554432
16
64
128
512
1024
2048
4096
32768
262144
1048576
2097152
4194304
8388608
16777216
33554432
16
64
128
512
1024
2048
4096
32768
262144
1048576
2097152
4194304
8388608
16777216
33554432
16
64
128
512
1024
2048
4096
32768
262144
1048576
2097152
4194304
8388608
16777216
33554432
16
64
128
512
1024
2048
4096
32768
262144
1048576
2097152
4194304
8388608
16777216
33554432
16
64
128
512
1024
2048
4096
32768
262144
1048576
2097152
4194304
8388608
16777216
33554432
16
64
128
512
1024
2048
4096
32768
262144
1048576
2097152
4194304
8388608
16777216
33554432
16
64
128
512
1024
2048
4096
32768
262144
1048576
2097152
4194304
8388608
16777216
33554432
16
64
128
512
1024
2048
4096
32768
262144
1048576
2097152
4194304
8388608
16777216
33554432
16
64
128
512
1024
2048
4096
32768
262144
1048576
2097152
4194304
8388608
16777216
33554432
16
64
128
512
1024
2048
4096
32768
262144
1048576
2097152
4194304
8388608
16777216
33554432
16
64
128
512
1024
2048
4096
32768
262144
1048576
2097152
4194304
8388608
16777216
33554432
16
64
128
512
1024
2048
4096
32768
262144
1048576
2097152
4194304
8388608
16777216
33554432
16
64
128
512
1024
2048
4096
32768
262144
1048576
2097152
4194304
8388608
16777216
33554432
16
64
128
512
1024
2048
4096
32768
262144
1048576
2097152
4194304
8388608
16777216
33554432
16
64
128
512
1024
2048
4096
32768
262144
1048576
2097152
4194304
8388608
16777216
33554432
16
64
128
512
1024
2048
4096
32768
262144
1048576
2097152
4194304
8388608
16777216
33554432
16
64
128
512
1024
2048
4096
32768
262144
1048576
2097152
4194304
8388608
16777216
33554432
16
64
128
512
1024
2048
4096
32768
262144
1048576
2097152
4194304
8388608
16777216
33554432
