8.300000e-08
1.840000e-07
3.050000e-07
1.166000e-06
2.318000e-06
5.503000e-06
1.185200e-05
1.074150e-04
8.624390e-04
3.608417e-03
7.119424e-03
1.464303e-02
2.895571e-02
5.624516e-02
1.178787e-01
8.100000e-08
1.840000e-07
3.410000e-07
1.184000e-06
2.324000e-06
5.468000e-06
1.217300e-05
1.045520e-04
9.758180e-04
3.661138e-03
7.316043e-03
1.419797e-02
2.792726e-02
5.542259e-02
1.138502e-01
7.800000e-08
1.710000e-07
3.300000e-07
1.223000e-06
2.305000e-06
5.704000e-06
1.225100e-05
1.091540e-04
9.208450e-04
4.026486e-03
8.820995e-03
1.906062e-02
2.954830e-02
6.371670e-02
1.103723e-01
7.000000e-08
1.700000e-07
3.360000e-07
1.150000e-06
2.413000e-06
5.385000e-06
1.147400e-05
1.066850e-04
8.849100e-04
3.437056e-03
6.824939e-03
1.413337e-02
2.820618e-02
5.635808e-02
1.113024e-01
7.300000e-08
1.690000e-07
3.130000e-07
1.159000e-06
2.202000e-06
5.398000e-06
1.188700e-05
1.052350e-04
8.508310e-04
3.419258e-03
6.961457e-03
1.476831e-02
2.837798e-02
5.816820e-02
1.051584e-01
6.900000e-08
1.810000e-07
3.240000e-07
1.111000e-06
2.320000e-06
5.594000e-06
1.197400e-05
1.047040e-04
8.424410e-04
3.619663e-03
7.298041e-03
1.466732e-02
2.831634e-02
5.748043e-02
1.070885e-01
1.240000e-07
1.860000e-07
3.220000e-07
1.181000e-06
2.315000e-06
5.423000e-06
1.188100e-05
1.024190e-04
8.308640e-04
3.401300e-03
6.725835e-03
1.601894e-02
2.753736e-02
5.302631e-02
1.062218e-01
7.000000e-08
1.720000e-07
3.190000e-07
1.152000e-06
2.362000e-06
5.439000e-06
1.168200e-05
1.028360e-04
9.035890e-04
3.436681e-03
6.836228e-03
1.531579e-02
2.818582e-02
5.535816e-02
1.070835e-01
9.100000e-08
1.730000e-07
3.110000e-07
1.139000e-06
2.234000e-06
5.259000e-06
1.181700e-05
1.024930e-04
9.538250e-04
3.450474e-03
6.699635e-03
1.587732e-02
2.815725e-02
5.434355e-02
1.059785e-01
6.900000e-08
1.860000e-07
3.270000e-07
1.147000e-06
2.355000e-06
5.490000e-06
1.170500e-05
1.077360e-04
2.463803e-03
3.635187e-03
7.146215e-03
1.489319e-02
2.814323e-02
5.823813e-02
1.091948e-01
7.900000e-08
1.930000e-07
3.450000e-07
1.167000e-06
2.288000e-06
5.650000e-06
1.190700e-05
1.075300e-04
8.886980e-04
3.524636e-03
7.083219e-03
1.425931e-02
2.801241e-02
5.602301e-02
1.068053e-01
7.100000e-08
1.830000e-07
3.100000e-07
1.173000e-06
2.375000e-06
5.410000e-06
1.146400e-05
1.047730e-04
8.412190e-04
3.403154e-03
6.749661e-03
1.461014e-02
2.837343e-02
5.605199e-02
1.076428e-01
1.010000e-07
1.700000e-07
3.210000e-07
1.134000e-06
2.332000e-06
5.610000e-06
1.810000e-05
1.072440e-04
8.597460e-04
3.541079e-03
7.516630e-03
1.614353e-02
2.815947e-02
5.640605e-02
1.092778e-01
6.900000e-08
1.970000e-07
3.400000e-07
1.095000e-06
2.369000e-06
5.579000e-06
1.210300e-05
1.065960e-04
8.804400e-04
3.540371e-03
6.740472e-03
1.593201e-02
2.827162e-02
5.620090e-02
1.069916e-01
7.200000e-08
1.800000e-07
3.180000e-07
1.203000e-06
2.377000e-06
5.776000e-06
1.222800e-05
1.081360e-04
8.780680e-04
3.550711e-03
7.544238e-03
1.398916e-02
2.823982e-02
5.355031e-02
1.098904e-01
1.090000e-07
1.720000e-07
3.450000e-07
1.152000e-06
2.356000e-06
5.583000e-06
1.198300e-05
1.074180e-04
8.720670e-04
3.515627e-03
6.968830e-03
1.685748e-02
2.843785e-02
5.425026e-02
1.115599e-01
6.900000e-08
1.880000e-07
3.240000e-07
1.142000e-06
2.247000e-06
5.570000e-06
1.208000e-05
1.038830e-04
8.410970e-04
3.478301e-03
7.287200e-03
1.403315e-02
2.824723e-02
5.542269e-02
1.092248e-01
7.000000e-08
1.740000e-07
3.210000e-07
1.188000e-06
2.285000e-06
5.380000e-06
4.004300e-05
1.072220e-04
8.132690e-04
3.490697e-03
8.312593e-03
1.392321e-02
2.907737e-02
5.811587e-02
1.125773e-01
1.260000e-07
1.770000e-07
3.180000e-07
1.146000e-06
2.268000e-06
5.384000e-06
1.138000e-05
1.025110e-04
1.006523e-03
3.451952e-03
6.868277e-03
1.431299e-02
2.884393e-02
5.329746e-02
1.059409e-01
9.100000e-08
1.880000e-07
3.230000e-07
1.214000e-06
2.292000e-06
5.450000e-06
1.190700e-05
1.002930e-04
8.552750e-04
3.452905e-03
7.048091e-03
1.375250e-02
2.710550e-02
5.637631e-02
1.173750e-01
8.400000e-08
1.930000e-07
3.300000e-07
1.225000e-06
2.371000e-06
5.742000e-06
1.565600e-05
1.073570e-04
8.878400e-04
3.493718e-03
6.819569e-03
1.357941e-02
2.656384e-02
5.612746e-02
1.058376e-01
7.000000e-08
1.700000e-07
3.330000e-07
1.203000e-06
3.161000e-06
5.411000e-06
1.224600e-05
1.047220e-04
8.817980e-04
3.481112e-03
8.013425e-03
1.417270e-02
2.820699e-02
5.460547e-02
1.063965e-01
9.500000e-08
1.730000e-07
3.150000e-07
1.154000e-06
2.345000e-06
5.601000e-06
1.800300e-05
1.009230e-04
8.638410e-04
3.574015e-03
8.148513e-03
1.456454e-02
2.715695e-02
5.363995e-02
1.080208e-01
7.300000e-08
1.670000e-07
3.010000e-07
1.143000e-06
2.359000e-06
5.640000e-06
1.199500e-05
1.022220e-04
8.870940e-04
3.448399e-03
6.822433e-03
1.404460e-02
2.833155e-02
5.614970e-02
1.118637e-01
8.100000e-08
1.870000e-07
3.310000e-07
1.129000e-06
2.317000e-06
5.419000e-06
1.224100e-05
1.058700e-04
8.577990e-04
3.785941e-03
7.121840e-03
1.505531e-02
2.846429e-02
5.547346e-02
1.132809e-01
7.100000e-08
1.900000e-07
3.350000e-07
1.306000e-06
2.282000e-06
5.256000e-06
1.242800e-05
1.072140e-04
8.543540e-04
3.477388e-03
6.996074e-03
1.729768e-02
2.910735e-02
5.571024e-02
1.087948e-01
7.100000e-08
1.810000e-07
3.440000e-07
1.324000e-06
2.359000e-06
5.546000e-06
1.235200e-05
1.024800e-04
8.355010e-04
3.515174e-03
6.722243e-03
1.389642e-02
2.784891e-02
5.681588e-02
1.107553e-01
8.500000e-08
1.750000e-07
3.260000e-07
1.194000e-06
2.232000e-06
5.480000e-06
1.215600e-05
1.019690e-04
8.688890e-04
3.400393e-03
7.156768e-03
1.385600e-02
2.806222e-02
5.659228e-02
1.119263e-01
7.400000e-08
1.680000e-07
3.370000e-07
1.177000e-06
2.369000e-06
5.531000e-06
1.226800e-05
1.076830e-04
8.578590e-04
3.372870e-03
7.782115e-03
1.457509e-02
2.889386e-02
5.573392e-02
1.127561e-01
8.200000e-08
2.030000e-07
3.400000e-07
1.157000e-06
2.397000e-06
5.842000e-06
1.212800e-05
1.084890e-04
9.164140e-04
3.628803e-03
7.472491e-03
1.430109e-02
2.869463e-02
5.641498e-02
1.166221e-01
7.300000e-08
1.780000e-07
3.200000e-07
1.211000e-06
2.382000e-06
5.719000e-06
1.243200e-05
1.046570e-04
9.393190e-04
3.902819e-03
6.985131e-03
1.433694e-02
2.830182e-02
5.850069e-02
1.158005e-01
7.300000e-08
1.830000e-07
4.070000e-07
1.198000e-06
2.332000e-06
5.740000e-06
1.194500e-05
1.219180e-04
8.812960e-04
3.595219e-03
7.083657e-03
1.451321e-02
3.036008e-02
6.142272e-02
1.120280e-01
9.000000e-08
1.810000e-07
3.160000e-07
1.168000e-06
2.400000e-06
5.561000e-06
1.222600e-05
1.046410e-04
9.546080e-04
3.532247e-03
7.019742e-03
1.597124e-02
2.890062e-02
5.775617e-02
1.121821e-01
9.500000e-08
1.980000e-07
3.160000e-07
1.174000e-06
2.376000e-06
5.695000e-06
1.187000e-05
1.067730e-04
9.076960e-04
3.641552e-03
7.121113e-03
1.683171e-02
2.814230e-02
6.215369e-02
1.213878e-01
7.000000e-08
1.760000e-07
3.270000e-07
1.152000e-06
2.383000e-06
5.580000e-06
1.183000e-05
1.048120e-04
8.503010e-04
3.557605e-03
6.862836e-03
1.367798e-02
2.732967e-02
5.373733e-02
1.147075e-01
9.600000e-08
1.760000e-07
2.940000e-07
1.112000e-06
2.291000e-06
5.697000e-06
1.164700e-05
1.005080e-04
8.356870e-04
3.395384e-03
6.859967e-03
1.354899e-02
2.663141e-02
5.358876e-02
1.108028e-01
6.600000e-08
1.830000e-07
3.100000e-07
1.126000e-06
2.165000e-06
5.391000e-06
1.145300e-05
1.021160e-04
8.697180e-04
3.474048e-03
6.949154e-03
1.377747e-02
2.710592e-02
5.279859e-02
1.051334e-01
7.900000e-08
1.680000e-07
3.060000e-07
1.163000e-06
2.238000e-06
5.399000e-06
1.175500e-05
1.033400e-04
8.334980e-04
3.445118e-03
6.758308e-03
1.381724e-02
2.746553e-02
5.332541e-02
1.054732e-01
7.000000e-08
2.060000e-07
3.120000e-07
1.114000e-06
2.244000e-06
5.516000e-06
1.194900e-05
1.029230e-04
8.305850e-04
3.491461e-03
6.762437e-03
1.368083e-02
2.708489e-02
5.286052e-02
1.105393e-01
7.800000e-08
1.830000e-07
3.250000e-07
1.138000e-06
2.289000e-06
5.344000e-06
1.166900e-05
1.000180e-04
8.363580e-04
3.459023e-03
6.872525e-03
1.416940e-02
2.672855e-02
5.327568e-02
1.062371e-01
6.900000e-08
2.030000e-07
3.200000e-07
1.164000e-06
2.309000e-06
5.578000e-06
1.169800e-05
9.964900e-05
8.332270e-04
3.391339e-03
6.797874e-03
1.378888e-02
2.689226e-02
5.335464e-02
1.057175e-01
7.100000e-08
1.720000e-07
3.130000e-07
1.256000e-06
2.213000e-06
5.239000e-06
1.172100e-05
1.005990e-04
8.145500e-04
3.410581e-03
7.335062e-03
1.358490e-02
2.710516e-02
5.265219e-02
1.119137e-01
8.200000e-08
1.700000e-07
2.900000e-07
1.128000e-06
2.190000e-06
5.648000e-06
1.180500e-05
1.022180e-04
8.340910e-04
3.508469e-03
6.879846e-03
1.376273e-02
2.710424e-02
5.551316e-02
1.049216e-01
6.700000e-08
1.730000e-07
3.190000e-07
1.145000e-06
2.256000e-06
5.486000e-06
1.179600e-05
1.028280e-04
8.336960e-04
3.486032e-03
6.807151e-03
1.413782e-02
2.742443e-02
5.373796e-02
1.060749e-01
7.200000e-08
1.810000e-07
3.230000e-07
1.169000e-06
2.261000e-06
5.279000e-06
1.171000e-05
1.023130e-04
8.287740e-04
3.381031e-03
6.939178e-03
1.354697e-02
2.746742e-02
5.451118e-02
1.084134e-01
6.800000e-08
1.850000e-07
3.100000e-07
1.153000e-06
2.283000e-06
5.324000e-06
1.160000e-05
1.018500e-04
8.333940e-04
3.415947e-03
6.812011e-03
1.338010e-02
2.713286e-02
5.698310e-02
1.048756e-01
6.700000e-08
1.610000e-07
3.510000e-07
1.177000e-06
2.190000e-06
5.411000e-06
1.168000e-05
1.006670e-04
8.317970e-04
3.412346e-03
6.881662e-03
1.387148e-02
2.739791e-02
5.467029e-02
1.062136e-01
6.700000e-08
1.730000e-07
3.240000e-07
1.147000e-06
2.200000e-06
5.613000e-06
1.177900e-05
1.033060e-04
8.833940e-04
3.505221e-03
6.915930e-03
1.410168e-02
2.776911e-02
5.606500e-02
1.086394e-01
